
TABLE FOR DECEMBER 1847 AND 1848.


I                                   Brmt.


| 1847.           Thermometer.


BaroTn


\..


December.
1
2
3
4
5
6
7
8
9
10
11
12
13
14
15
16
17
18
19
20
21
22
23
24
25
26
27
28
29
30
31


Morn.
40
52
45
43
37
36
36
43
52
42
40
46
46
44
46
48
48
42
39
37
36.34
35
33
38
39
30
33
35
35
24


Even. Min. Max.     Morn.
45    34     48    29.70
51    41     57    29.60
43    41     56    29.60
41    38    55     29.20
36    3.5   49     28.64
38    32     47    28.14
31    35    44     28.70
34    27    44     29.10
54    31    55     28.57
37    38     57    29.44
42    32    48     29.18
44    37    51     29.44
42    3      48    29.58
42    38    50     29.60
44    39.50    29.-46
42    39    53     29.39
55    39    51     29.04
39    39    56     29.N(8
37    35    47     29.08
34    31    41     29.60
34    30     48    29.46
34    32    36     29.56
33    31     38    29.54
35    25     36    29.88
39    32    42     30.05
37    33    42     30.05
28    25    39     30.110
36    24    37     30.00
37    30    36     29.46
28    31    39     29.75
26    21    30     29.70


Even.
29.80
29.58
29.42
28.66
28.09
28.14
28.94
29.10
28.78
29.42
29.26
29.58
29.58
29.60
29.46
29.26
28.84
29.08
29.39
29.60
29.40
29.76
29.46
30.00
30.05
30.03
30.00
29.80
29.12
29.70
29.50


neter.                 1848.
Rain.      Wind.      December. Morn.
W.              1      38
S.W.            2      37
W.              3      35
W.              4      43
W.              5      36
0.72      E.              6      38
0.43      E.              7      36
W.              8      48
S.W.            9      47
W.             10      56
0.80      W.             11      51
W.             12      51
E.             13      54
W.             14      53
S.E.           15      44
0.23      S. E.          16      41
S.S.E.         17      40
E.             18      39
1.37      W.             19      41
E.             20      39
E.             21      31
E.             22      26
E.             23      35
E.             24      34
E.             25      40.    E.            26      45
E.             27      43
E.             28      29
0.10      S.E.           29      32
1.23      W.             30      35
N.W.           31      33


Thermometer.
Even. Min,.
39    35
32    34
47    31
40    37
34    3:3
32    31
33    31
47    30
54    44
52    51
49    49
54    41
53    52
49    50
44    3.9
39    38
40)   39
45    35
47    39
31    35
27    26
39    21
36    24
35    34
40    34
49    38
32    38
29    26
32    25
34    28
32    31


Max.
44
47
38
49
41
40
39
49
54
59
56
55
55
57
52
51
40
42
47
44
41
38
37
38
47
50
50
38
38
38
35


Morn.
29.22
28.57
29.20
28.60
28.43
28.74
29.)9
29.16
2956
29.66
29.57
29.60
29.35
29.32
29.32
29.41
29.40
29.40
30.54
30.06
{30.06
3o.08
29.06
29.29
29.60
29.5o
29.84
29.84
29.84
29.84
29.84


Barometer.
Even.   Rain.
28.61
28.93
28.69
28.27   1.00
28.70)  0.39
28.86.
29.30
29.49
29.56   0.39
29.58
29.73
29.42
29.47
29.27
28.95
29.43   0.06
29.40
29.40
29.54
30.06
30.06
30.08
30.00
29.60
29.60..
29.14
29.84
29.84
29.84
29.84
29.84


ind.
S.W.
W.
S.
S.
S.
S.
E.
S.
S.
S.
S.
S.
S.
S.
E.
S.W..
W.
W.
E.
S.E.
E.
W.
E.
S.E.
S.E.
S.W.
W.
E.
E.
E.
E.


Attacks.
12
8
13
6
2
7
10
10
6
4
4
12
7
8
13
9
9
7
7
9
10)
6
10
2
6
2
6
2
7
5
2


-..
-





