
TABLE FOR OCTOBER 1847 AND 1848.


I                                                                                                     I!                                       I


1847.
October.


Thermo
Morn. Even.


1
2
3
4
5
6
7
8
9
10
11
12
13
14
15
16
17
18
19
20
21
22
23
24
25
26
27
28
29
30
31


51    48
51    48
48    47
48    43
43    44
50    48
50    41
50    49
50    50
50    56
63    54
52    48
50    46
48    44
52    47
52    41
51    50
56    54
58    45
49    44
45    46
54    53
50    41
41    40
46    38
48    55
55    49
50    48
49    44
51    46
48    48


meter.
Min. Max
41    55
45    53
44    53
43    50
43    46
42    50
45    54
36    53
42    58
46    58
52    68
49    58
47    58
45    48
44    53
43    56
36    61
51    58
51    62
39    60
37    53
41    59
42    54
35    48
36    53
34    54
47    60
38    59
43    58
38    54
44    52


II


Morn.
30.11
30.06
30.07
29.86
29.63
29.44
29.31
29.36
29.52
29.42
29.48
29.48
29.80
29.80
29.68
29.78
29.58
29.24
28.90
29.25
29.30
29.42
29.16
29.10
29.56
29.90
29.69
29.94
29.94
29.82
29.77


Barometer.
Even.    Rain.   Wind.
30.08..     E.
30.04..    N.E.
30.00..     W.
29.75..     N.E.
29.47..     E.
29.33    0.96    E.
29.25    0.86    E.
29.52..     E.
29.42..     S.
29.48..     S.E.
29.48..     E.
29.80..     E.
29.80    0.30    N.E.
29.60..     N.E.
29.78.      N.E..78..    W.
29.58..     S.W.
29.04..     S.W.
28.20..     W.
29.25.      W.
29.54    0.49    W.
29.02..     S.W.
29.10.     N.W.
29.27    0.22    N.W.
29.90..     W.
29.70..     S.W.
29.94..    W.
29.94.      W.
29.82    9.65    W.
29.46..     E.
29.80..


1848.
October.






1
2
3
4
5
6
7
8
9
10
11
12
13
14
15
16
17
18
19
20
21
22
23
24
25
26
27
28
29
30
31


Morn.
55
55
57
62
59
63
57
57
54
52
52
48
48
49
46
47
40
36
40
38
38
43
45
45
38
47
48
49
42
43
41


Thermometer.
Even.   Min.


I                 -


Max.    Morn.
--. —___


Even.


*Rain.


I -


Barometer.


rI I                                                                                                             I


Attacks.


Wind.


49
52
52
56
61
49
54
50
48
49
41
48
46
47
48
43
32
34
35
32
42
49
43
40
36
42
48
44
43
43
41


51
45
50
50
53
57
45
50
49
45
44
39
43
42
42
44
'37
30
32
28
29
37
38
37
33
32.38
37
40
38
37


56
60
61
62
63
64
60
61
59
56
54
53
49
50
46
48
47
39
45
45
46
48
47
51
44
53
53
53
50
47
48


29.24
29.37
29.35
29.16
29.60
29.54
29.82
29.57
29.46
29.42
29.78
29.85
30.09
30.13
29.94
29.76
29.87
29.69
29.74
29.85
29.68
29.38
29.12
28.88
29.10
29.42
29.18
28.92
29.20
29.38
29.41


29.32
29.32
29.32
29.47
29.64
29.86
29.74
29.60
29.22
29.20
29.80
29.94
30.13
30.04
29.79
29.82
29.75
29.68
29.75
29.82
29.53
29.14
29.10
29.16
29.24
29.44
28.90
29.03
2).20
29.34
29.40..
0.64
0.05
0.49
0.93.....05
1.30
1.11..


E.
S.
S.
S.
S.
S.E.
S.W.
S.W.
S.W
N.
N.
N.W.
E.
N.E.
E.
N.E.
N. Red Aurora.
N.E.
N.
E.
W.
S.W.
E.
S.
S.
S.
S.E.
S.E.
S.E.
E.
E.


16
16
8
7
15
22
13
12
15
13
12
16
12
21. -..




I


-. -.I



