
TABLE FOR NOVEMBER 1847 AND 1848.




1847.           Ther
November. Morn. Even.
1      58    54
2      52     45
3      46    43
4      49     47
5      52     49
6      54    52
7      55    57
8      57     51
9      49     45
10      53    54
11      46     44
12      42    40
13      49     48
14      50     54
15      56     48
16      43     46
17      38     35
18      38     44
19      49     48
20      48     46
21      49     45
22      43     45
23      42     40
24      48     41
25      50     44
26      42     39
27      37     31
28      32     31
29      36     44
30      49     39


ometer.


Barometer.


1848.          Thermometer.
ti Z8~{18


Barometer.


I!.I —


Min.
46
44
32
37
43
43
43
50
41
45
38
31
36
44
52
42.30
26
40
39
38
40
35
35
39
38
30
25
29
34


Max.
60
58
56
54
57
59
57
59
55
59
55
49
57
57
60
56
51
44
54
48
57
48
46
51
54
51
42
37
43
54


Morn.
29.74
29.89
30.10
29.84
29.34
29.50
29.30
29.92
29.95
29.56
29.70
29.90
29.74
29.74
29.70
29.78
29.96
29.20
29.94
29.70
29.29
29.20
29.00
29.40
29.25
29.34
29.16
28.70
28 67
29.10


Even.
29.70
30.10
30.00
29.24
29.34
29.46
28.92
28.90
29.72
29.52
29.70
29.70
29.74
29.74
29.64
29.78
30.20
29.96
29.94
29.52
28.77
28.70
29.39
29.42
29.25
28.22
28.94
29.b7
29.10.40


Rain.      Wind.       November. Morn. Even. Mm.
W.              1       42    43     38
W.              2       41    38     35
W.              3       37    30     34.              4       34    28     27.        E.              5      39     42    27
W.              6       44    34     38
S.W.            7       42    35     32
0.29       S.W.            8      36     34    29
W.              9       32    34     25
W.             10       42    40     31
0.13       E.             11      41     38     37
N.E.           12       34    a3     29
N.W.           13       38    42     31
W.             14       40    38     34
W.             15       36    41     33
S.W.           16       46    43     38
W.             17       46    42     36..          18       41    36     38
W.             19       37    45     32
W.             20       53    40     39
0.20       W.             21      43     41     38
W.             22       40    45     39
0.89       W.             23       42    41     37
W.             24       36    330    32
W.             25       40    46     30
W.             26       47    47     39
N.E.           27       46    44     40
N.E.           28       48    53     42
N.E.           29       48     41    44
0.13       W.             30       39    40     37


Max.
43
48
48
37
46
49
44
40
38
45
45
4.
46
45
47
48
49
43
42
53
49
44
47
42
42
50
49
53
53
44


Morn.
29.37
29.43
29.36
29.48
29.23
29.15
2935
29.86
30.17
30.26
30.31
30.39
30.19
30.12
30.20
29.80
29.44
29.02
29.56
28.84
28.97
28.86
29.06
29.49
29.50
29.25
29.44
29.24
29.35
29.41


Even.
29.39
29.32
29.48
29.50
29.21
28.99
29.61
29.44
30.15
30.28
30.31
30.31
30.04
30.19
29.78
29.78
2924
29.16
29.32
28.82
29.13
28.68
29.06
29.68
29.30
29.19
29.54
29.06
29.25
29.31


Rain.
0.92
1.18
0.26
0.06




-


Wind.
S.E.
S.
N.
N.
S.W.
S.W.
N.W.
N.
W.
S.W.
S.E.
S.E.
S.W.
S.
S.
S.
S.W.
S.
S.W.
S.W.
E.
E.
S.E.
S.W.
W.
S.W.
S.W.
S.W.
S.W.
S.W.


I
Attacks.
21
21
17
32
12
49
26
28
28
40
14
7
19
26
24
11
15 3
10    1
12
16!
11
11!
6
14
4
4
9
13
5
17... -



